1.0000 0.9991 0.9962 0.9916 0.9851 0.9770 0.9674 0.9563 0.9440 0.9307 0.9165 0.9017 0.8865 0.8712 0.8558 0.8408 0.8263 0.8125 0.7997 0.7880 0.7776 0.7687 0.7614 0.7559 0.7521 0.7502 0.7502 0.7521 0.7559 0.7614 0.7687 0.7776 0.7880 0.7997 0.8125 0.8263 0.8408 0.8558 0.8712 0.8865 0.9017 0.9165 0.9307 0.9440 0.9563 0.9674 0.9770 0.9851 0.9916 0.9962 0.9991
0.9997 0.9987 0.9959 0.9912 0.9848 0.9767 0.9670 0.9560 0.9437 0.9304 0.9162 0.9014 0.8862 0.8708 0.8555 0.8404 0.8259 0.8122 0.7993 0.7876 0.7773 0.7684 0.7611 0.7555 0.7518 0.7499 0.7499 0.7518 0.7555 0.7611 0.7684 0.7773 0.7876 0.7993 0.8122 0.8259 0.8404 0.8555 0.8708 0.8862 0.9014 0.9162 0.9304 0.9437 0.9560 0.9670 0.9767 0.9848 0.9912 0.9959 0.9987
0.9986 0.9977 0.9948 0.9902 0.9837 0.9756 0.9660 0.9549 0.9426 0.9293 0.9151 0.9003 0.8851 0.8698 0.8544 0.8394 0.8249 0.8111 0.7983 0.7866 0.7762 0.7673 0.7600 0.7545 0.7507 0.7488 0.7488 0.7507 0.7545 0.7600 0.7673 0.7762 0.7866 0.7983 0.8111 0.8249 0.8394 0.8544 0.8698 0.8851 0.9003 0.9151 0.9293 0.9426 0.9549 0.9660 0.9756 0.9837 0.9902 0.9948 0.9977
0.9969 0.9959 0.9931 0.9884 0.9820 0.9739 0.9642 0.9532 0.9409 0.9276 0.9134 0.8986 0.8834 0.8680 0.8527 0.8377 0.8231 0.8094 0.7965 0.7848 0.7745 0.7656 0.7583 0.7527 0.7490 0.7471 0.7471 0.7490 0.7527 0.7583 0.7656 0.7745 0.7848 0.7965 0.8094 0.8231 0.8377 0.8527 0.8680 0.8834 0.8986 0.9134 0.9276 0.9409 0.9532 0.9642 0.9739 0.9820 0.9884 0.9931 0.9959
0.9944 0.9935 0.9907 0.9860 0.9796 0.9715 0.9618 0.9508 0.9385 0.9252 0.9110 0.8962 0.8810 0.8656 0.8503 0.8352 0.8207 0.8069 0.7941 0.7824 0.7721 0.7632 0.7559 0.7503 0.7466 0.7447 0.7447 0.7466 0.7503 0.7559 0.7632 0.7721 0.7824 0.7941 0.8069 0.8207 0.8352 0.8503 0.8656 0.8810 0.8962 0.9110 0.9252 0.9385 0.9508 0.9618 0.9715 0.9796 0.9860 0.9907 0.9935
0.9914 0.9904 0.9876 0.9829 0.9765 0.9684 0.9587 0.9477 0.9354 0.9221 0.9079 0.8931 0.8779 0.8625 0.8472 0.8322 0.8176 0.8039 0.7910 0.7793 0.7690 0.7601 0.7528 0.7472 0.7435 0.7416 0.7416 0.7435 0.7472 0.7528 0.7601 0.7690 0.7793 0.7910 0.8039 0.8176 0.8322 0.8472 0.8625 0.8779 0.8931 0.9079 0.9221 0.9354 0.9477 0.9587 0.9684 0.9765 0.9829 0.9876 0.9904
0.9876 0.9867 0.9838 0.9792 0.9727 0.9646 0.9550 0.9439 0.9317 0.9183 0.9042 0.8894 0.8742 0.8588 0.8434 0.8284 0.8139 0.8001 0.7873 0.7756 0.7652 0.7563 0.7491 0.7435 0.7397 0.7379 0.7379 0.7397 0.7435 0.7491 0.7563 0.7652 0.7756 0.7873 0.8001 0.8139 0.8284 0.8434 0.8588 0.8742 0.8894 0.9042 0.9183 0.9317 0.9439 0.9550 0.9646 0.9727 0.9792 0.9838 0.9867
0.9833 0.9823 0.9795 0.9748 0.9684 0.9603 0.9506 0.9396 0.9273 0.9140 0.8998 0.8850 0.8698 0.8544 0.8391 0.8240 0.8095 0.7958 0.7829 0.7712 0.7609 0.7520 0.7447 0.7391 0.7354 0.7335 0.7335 0.7354 0.7391 0.7447 0.7520 0.7609 0.7712 0.7829 0.7958 0.8095 0.8240 0.8391 0.8544 0.8698 0.8850 0.8998 0.9140 0.9273 0.9396 0.9506 0.9603 0.9684 0.9748 0.9795 0.9823
0.9783 0.9773 0.9745 0.9698 0.9634 0.9553 0.9457 0.9346 0.9223 0.9090 0.8948 0.8800 0.8648 0.8494 0.8341 0.8191 0.8046 0.7908 0.7780 0.7663 0.7559 0.7470 0.7397 0.7342 0.7304 0.7285 0.7285 0.7304 0.7342 0.7397 0.7470 0.7559 0.7663 0.7780 0.7908 0.8046 0.8191 0.8341 0.8494 0.8648 0.8800 0.8948 0.9090 0.9223 0.9346 0.9457 0.9553 0.9634 0.9698 0.9745 0.9773
0.9727 0.9718 0.9690 0.9643 0.9579 0.9498 0.9401 0.9291 0.9168 0.9034 0.8893 0.8745 0.8593 0.8439 0.8286 0.8135 0.7990 0.7852 0.7724 0.7607 0.7503 0.7415 0.7342 0.7286 0.7249 0.7230 0.7230 0.7249 0.7286 0.7342 0.7415 0.7503 0.7607 0.7724 0.7852 0.7990 0.8135 0.8286 0.8439 0.8593 0.8745 0.8893 0.9034 0.9168 0.9291 0.9401 0.9498 0.9579 0.9643 0.9690 0.9718
0.9666 0.9657 0.9629 0.9582 0.9518 0.9437 0.9340 0.9230 0.9107 0.8973 0.8832 0.8684 0.8532 0.8378 0.8225 0.8074 0.7929 0.7791 0.7663 0.7546 0.7442 0.7354 0.7281 0.7225 0.7188 0.7169 0.7169 0.7188 0.7225 0.7281 0.7354 0.7442 0.7546 0.7663 0.7791 0.7929 0.8074 0.8225 0.8378 0.8532 0.8684 0.8832 0.8973 0.9107 0.9230 0.9340 0.9437 0.9518 0.9582 0.9629 0.9657
0.9600 0.9591 0.9562 0.9516 0.9451 0.9370 0.9274 0.9163 0.9041 0.8907 0.8766 0.8618 0.8466 0.8312 0.8158 0.8008 0.7863 0.7725 0.7597 0.7480 0.7376 0.7287 0.7215 0.7159 0.7121 0.7103 0.7103 0.7121 0.7159 0.7215 0.7287 0.7376 0.7480 0.7597 0.7725 0.7863 0.8008 0.8158 0.8312 0.8466 0.8618 0.8766 0.8907 0.9041 0.9163 0.9274 0.9370 0.9451 0.9516 0.9562 0.9591
0.9529 0.9520 0.9492 0.9445 0.9381 0.9300 0.9203 0.9093 0.8970 0.8837 0.8695 0.8547 0.8395 0.8241 0.8088 0.7937 0.7792 0.7654 0.7526 0.7409 0.7306 0.7217 0.7144 0.7088 0.7051 0.7032 0.7032 0.7051 0.7088 0.7144 0.7217 0.7306 0.7409 0.7526 0.7654 0.7792 0.7937 0.8088 0.8241 0.8395 0.8547 0.8695 0.8837 0.8970 0.9093 0.9203 0.9300 0.9381 0.9445 0.9492 0.9520
0.9454 0.9445 0.9416 0.9370 0.9305 0.9224 0.9128 0.9017 0.8895 0.8761 0.8620 0.8472 0.8319 0.8166 0.8012 0.7862 0.7717 0.7579 0.7451 0.7334 0.7230 0.7141 0.7069 0.7013 0.6975 0.6957 0.6957 0.6975 0.7013 0.7069 0.7141 0.7230 0.7334 0.7451 0.7579 0.7717 0.7862 0.8012 0.8166 0.8319 0.8472 0.8620 0.8761 0.8895 0.9017 0.9128 0.9224 0.9305 0.9370 0.9416 0.9445
0.9375 0.9366 0.9337 0.9291 0.9226 0.9145 0.9049 0.8938 0.8815 0.8682 0.8540 0.8392 0.8240 0.8087 0.7933 0.7783 0.7638 0.7500 0.7372 0.7255 0.7151 0.7062 0.6989 0.6934 0.6896 0.6877 0.6877 0.6896 0.6934 0.6989 0.7062 0.7151 0.7255 0.7372 0.7500 0.7638 0.7783 0.7933 0.8087 0.8240 0.8392 0.8540 0.8682 0.8815 0.8938 0.9049 0.9145 0.9226 0.9291 0.9337 0.9366
0.9292 0.9283 0.9255 0.9208 0.9144 0.9063 0.8966 0.8856 0.8733 0.8600 0.8458 0.8310 0.8158 0.8004 0.7851 0.7700 0.7555 0.7417 0.7289 0.7172 0.7069 0.6980 0.6907 0.6851 0.6814 0.6795 0.6795 0.6814 0.6851 0.6907 0.6980 0.7069 0.7172 0.7289 0.7417 0.7555 0.7700 0.7851 0.8004 0.8158 0.8310 0.8458 0.8600 0.8733 0.8856 0.8966 0.9063 0.9144 0.9208 0.9255 0.9283
0.9207 0.9197 0.9169 0.9122 0.9058 0.8977 0.8880 0.8770 0.8647 0.8514 0.8372 0.8224 0.8072 0.7918 0.7765 0.7615 0.7469 0.7332 0.7203 0.7087 0.6983 0.6894 0.6821 0.6765 0.6728 0.6709 0.6709 0.6728 0.6765 0.6821 0.6894 0.6983 0.7087 0.7203 0.7332 0.7469 0.7615 0.7765 0.7918 0.8072 0.8224 0.8372 0.8514 0.8647 0.8770 0.8880 0.8977 0.9058 0.9122 0.9169 0.9197
0.9118 0.9109 0.9081 0.9034 0.8970 0.8889 0.8792 0.8682 0.8559 0.8426 0.8284 0.8136 0.7984 0.7830 0.7677 0.7526 0.7381 0.7243 0.7115 0.6998 0.6895 0.6806 0.6733 0.6677 0.6640 0.6621 0.6621 0.6640 0.6677 0.6733 0.6806 0.6895 0.6998 0.7115 0.7243 0.7381 0.7526 0.7677 0.7830 0.7984 0.8136 0.8284 0.8426 0.8559 0.8682 0.8792 0.8889 0.8970 0.9034 0.9081 0.9109
0.9028 0.9019 0.8990 0.8944 0.8879 0.8798 0.8702 0.8591 0.8469 0.8335 0.8194 0.8046 0.7893 0.7740 0.7586 0.7436 0.7291 0.7153 0.7025 0.6908 0.6804 0.6715 0.6643 0.6587 0.6549 0.6531 0.6531 0.6549 0.6587 0.6643 0.6715 0.6804 0.6908 0.7025 0.7153 0.7291 0.7436 0.7586 0.7740 0.7893 0.8046 0.8194 0.8335 0.8469 0.8591 0.8702 0.8798 0.8879 0.8944 0.8990 0.9019
0.8936 0.8927 0.8899 0.8852 0.8788 0.8707 0.8610 0.8500 0.8377 0.8243 0.8102 0.7954 0.7802 0.7648 0.7495 0.7344 0.7199 0.7061 0.6933 0.6816 0.6712 0.6624 0.6551 0.6495 0.6458 0.6439 0.6439 0.6458 0.6495 0.6551 0.6624 0.6712 0.6816 0.6933 0.7061 0.7199 0.7344 0.7495 0.7648 0.7802 0.7954 0.8102 0.8243 0.8377 0.8500 0.8610 0.8707 0.8788 0.8852 0.8899 0.8927
0.8843 0.8834 0.8806 0.8759 0.8695 0.8614 0.8517 0.8407 0.8284 0.8151 0.8009 0.7861 0.7709 0.7555 0.7402 0.7251 0.7106 0.6968 0.6840 0.6723 0.6620 0.6531 0.6458 0.6402 0.6365 0.6346 0.6346 0.6365 0.6402 0.6458 0.6531 0.6620 0.6723 0.6840 0.6968 0.7106 0.7251 0.7402 0.7555 0.7709 0.7861 0.8009 0.8151 0.8284 0.8407 0.8517 0.8614 0.8695 0.8759 0.8806 0.8834
0.8750 0.8741 0.8712 0.8666 0.8601 0.8520 0.8424 0.8313 0.8190 0.8057 0.7915 0.7767 0.7615 0.7462 0.7308 0.7158 0.7013 0.6875 0.6747 0.6630 0.6526 0.6437 0.6364 0.6309 0.6271 0.6252 0.6252 0.6271 0.6309 0.6364 0.6437 0.6526 0.6630 0.6747 0.6875 0.7013 0.7158 0.7308 0.7462 0.7615 0.7767 0.7915 0.8057 0.8190 0.8313 0.8424 0.8520 0.8601 0.8666 0.8712 0.8741
0.8657 0.8647 0.8619 0.8572 0.8508 0.8427 0.8330 0.8220 0.8097 0.7964 0.7822 0.7674 0.7522 0.7368 0.7215 0.7065 0.6919 0.6782 0.6653 0.6536 0.6433 0.6344 0.6271 0.6215 0.6178 0.6159 0.6159 0.6178 0.6215 0.6271 0.6344 0.6433 0.6536 0.6653 0.6782 0.6919 0.7065 0.7215 0.7368 0.7522 0.7674 0.7822 0.7964 0.8097 0.8220 0.8330 0.8427 0.8508 0.8572 0.8619 0.8647
0.8564 0.8554 0.8526 0.8479 0.8415 0.8334 0.8237 0.8127 0.8004 0.7871 0.7729 0.7581 0.7429 0.7275 0.7122 0.6972 0.6826 0.6689 0.6560 0.6444 0.6340 0.6251 0.6178 0.6123 0.6085 0.6066 0.6066 0.6085 0.6123 0.6178 0.6251 0.6340 0.6444 0.6560 0.6689 0.6826 0.6972 0.7122 0.7275 0.7429 0.7581 0.7729 0.7871 0.8004 0.8127 0.8237 0.8334 0.8415 0.8479 0.8526 0.8554
0.8472 0.8462 0.8434 0.8387 0.8323 0.8242 0.8146 0.8035 0.7912 0.7779 0.7637 0.7489 0.7337 0.7183 0.7030 0.6880 0.6735 0.6597 0.6469 0.6352 0.6248 0.6159 0.6086 0.6031 0.5993 0.5974 0.5974 0.5993 0.6031 0.6086 0.6159 0.6248 0.6352 0.6469 0.6597 0.6735 0.6880 0.7030 0.7183 0.7337 0.7489 0.7637 0.7779 0.7912 0.8035 0.8146 0.8242 0.8323 0.8387 0.8434 0.8462
0.8382 0.8372 0.8344 0.8297 0.8233 0.8152 0.8055 0.7945 0.7822 0.7689 0.7547 0.7399 0.7247 0.7093 0.6940 0.6789 0.6644 0.6507 0.6378 0.6261 0.6158 0.6069 0.5996 0.5940 0.5903 0.5884 0.5884 0.5903 0.5940 0.5996 0.6069 0.6158 0.6261 0.6378 0.6507 0.6644 0.6789 0.6940 0.7093 0.7247 0.7399 0.7547 0.7689 0.7822 0.7945 0.8055 0.8152 0.8233 0.8297 0.8344 0.8372
0.8293 0.8284 0.8256 0.8209 0.8145 0.8064 0.7967 0.7857 0.7734 0.7600 0.7459 0.7311 0.7159 0.7005 0.6852 0.6701 0.6556 0.6418 0.6290 0.6173 0.6069 0.5981 0.5908 0.5852 0.5815 0.5796 0.5796 0.5815 0.5852 0.5908 0.5981 0.6069 0.6173 0.6290 0.6418 0.6556 0.6701 0.6852 0.7005 0.7159 0.7311 0.7459 0.7600 0.7734 0.7857 0.7967 0.8064 0.8145 0.8209 0.8256 0.8284
0.8208 0.8198 0.8170 0.8123 0.8059 0.7978 0.7881 0.7771 0.7648 0.7515 0.7373 0.7225 0.7073 0.6919 0.6766 0.6616 0.6470 0.6333 0.6204 0.6087 0.5984 0.5895 0.5822 0.5766 0.5729 0.5710 0.5710 0.5729 0.5766 0.5822 0.5895 0.5984 0.6087 0.6204 0.6333 0.6470 0.6616 0.6766 0.6919 0.7073 0.7225 0.7373 0.7515 0.7648 0.7771 0.7881 0.7978 0.8059 0.8123 0.8170 0.8198
0.8125 0.8116 0.8087 0.8041 0.7976 0.7895 0.7799 0.7688 0.7565 0.7432 0.7290 0.7142 0.6990 0.6837 0.6683 0.6533 0.6388 0.6250 0.6122 0.6005 0.5901 0.5812 0.5739 0.5684 0.5646 0.5627 0.5627 0.5646 0.5684 0.5739 0.5812 0.5901 0.6005 0.6122 0.6250 0.6388 0.6533 0.6683 0.6837 0.6990 0.7142 0.7290 0.7432 0.7565 0.7688 0.7799 0.7895 0.7976 0.8041 0.8087 0.8116
0.8046 0.8036 0.8008 0.7961 0.7897 0.7816 0.7720 0.7609 0.7486 0.7353 0.7211 0.7063 0.6911 0.6757 0.6604 0.6454 0.6309 0.6171 0.6043 0.5926 0.5822 0.5733 0.5660 0.5605 0.5567 0.5548 0.5548 0.5567 0.5605 0.5660 0.5733 0.5822 0.5926 0.6043 0.6171 0.6309 0.6454 0.6604 0.6757 0.6911 0.7063 0.7211 0.7353 0.7486 0.7609 0.7720 0.7816 0.7897 0.7961 0.8008 0.8036
0.7971 0.7961 0.7933 0.7886 0.7822 0.7741 0.7644 0.7534 0.7411 0.7278 0.7136 0.6988 0.6836 0.6682 0.6529 0.6379 0.6233 0.6096 0.5967 0.5850 0.5747 0.5658 0.5585 0.5529 0.5492 0.5473 0.5473 0.5492 0.5529 0.5585 0.5658 0.5747 0.5850 0.5967 0.6096 0.6233 0.6379 0.6529 0.6682 0.6836 0.6988 0.7136 0.7278 0.7411 0.7534 0.7644 0.7741 0.7822 0.7886 0.7933 0.7961
0.7900 0.7890 0.7862 0.7815 0.7751 0.7670 0.7574 0.7463 0.7340 0.7207 0.7065 0.6917 0.6765 0.6611 0.6458 0.6308 0.6163 0.6025 0.5896 0.5780 0.5676 0.5587 0.5514 0.5459 0.5421 0.5402 0.5402 0.5421 0.5459 0.5514 0.5587 0.5676 0.5780 0.5896 0.6025 0.6163 0.6308 0.6458 0.6611 0.6765 0.6917 0.7065 0.7207 0.7340 0.7463 0.7574 0.7670 0.7751 0.7815 0.7862 0.7890
0.7834 0.7824 0.7796 0.7749 0.7685 0.7604 0.7507 0.7397 0.7274 0.7141 0.6999 0.6851 0.6699 0.6545 0.6392 0.6242 0.6096 0.5959 0.5830 0.5714 0.5610 0.5521 0.5448 0.5393 0.5355 0.5336 0.5336 0.5355 0.5393 0.5448 0.5521 0.5610 0.5714 0.5830 0.5959 0.6096 0.6242 0.6392 0.6545 0.6699 0.6851 0.6999 0.7141 0.7274 0.7397 0.7507 0.7604 0.7685 0.7749 0.7796 0.7824
0.7773 0.7763 0.7735 0.7688 0.7624 0.7543 0.7446 0.7336 0.7213 0.7080 0.6938 0.6790 0.6638 0.6484 0.6331 0.6181 0.6035 0.5898 0.5769 0.5653 0.5549 0.5460 0.5387 0.5332 0.5294 0.5275 0.5275 0.5294 0.5332 0.5387 0.5460 0.5549 0.5653 0.5769 0.5898 0.6035 0.6181 0.6331 0.6484 0.6638 0.6790 0.6938 0.7080 0.7213 0.7336 0.7446 0.7543 0.7624 0.7688 0.7735 0.7763
0.7717 0.7708 0.7679 0.7633 0.7568 0.7487 0.7391 0.7280 0.7158 0.7024 0.6883 0.6735 0.6583 0.6429 0.6275 0.6125 0.5980 0.5842 0.5714 0.5597 0.5493 0.5404 0.5332 0.5276 0.5238 0.5220 0.5220 0.5238 0.5276 0.5332 0.5404 0.5493 0.5597 0.5714 0.5842 0.5980 0.6125 0.6275 0.6429 0.6583 0.6735 0.6883 0.7024 0.7158 0.7280 0.7391 0.7487 0.7568 0.7633 0.7679 0.7708
0.7667 0.7658 0.7630 0.7583 0.7519 0.7438 0.7341 0.7231 0.7108 0.6975 0.6833 0.6685 0.6533 0.6379 0.6226 0.6075 0.5930 0.5792 0.5664 0.5547 0.5444 0.5355 0.5282 0.5226 0.5189 0.5170 0.5170 0.5189 0.5226 0.5282 0.5355 0.5444 0.5547 0.5664 0.5792 0.5930 0.6075 0.6226 0.6379 0.6533 0.6685 0.6833 0.6975 0.7108 0.7231 0.7341 0.7438 0.7519 0.7583 0.7630 0.7658
0.7624 0.7614 0.7586 0.7539 0.7475 0.7394 0.7298 0.7187 0.7064 0.6931 0.6789 0.6641 0.6489 0.6335 0.6182 0.6032 0.5887 0.5749 0.5620 0.5504 0.5400 0.5311 0.5238 0.5183 0.5145 0.5126 0.5126 0.5145 0.5183 0.5238 0.5311 0.5400 0.5504 0.5620 0.5749 0.5887 0.6032 0.6182 0.6335 0.6489 0.6641 0.6789 0.6931 0.7064 0.7187 0.7298 0.7394 0.7475 0.7539 0.7586 0.7614
0.7586 0.7577 0.7549 0.7502 0.7438 0.7357 0.7260 0.7150 0.7027 0.6894 0.6752 0.6604 0.6452 0.6298 0.6145 0.5994 0.5849 0.5711 0.5583 0.5466 0.5363 0.5274 0.5201 0.5145 0.5108 0.5089 0.5089 0.5108 0.5145 0.5201 0.5274 0.5363 0.5466 0.5583 0.5711 0.5849 0.5994 0.6145 0.6298 0.6452 0.6604 0.6752 0.6894 0.7027 0.7150 0.7260 0.7357 0.7438 0.7502 0.7549 0.7577
0.7556 0.7546 0.7518 0.7471 0.7407 0.7326 0.7229 0.7119 0.6996 0.6863 0.6721 0.6573 0.6421 0.6267 0.6114 0.5963 0.5818 0.5681 0.5552 0.5435 0.5332 0.5243 0.5170 0.5114 0.5077 0.5058 0.5058 0.5077 0.5114 0.5170 0.5243 0.5332 0.5435 0.5552 0.5681 0.5818 0.5963 0.6114 0.6267 0.6421 0.6573 0.6721 0.6863 0.6996 0.7119 0.7229 0.7326 0.7407 0.7471 0.7518 0.7546
0.7531 0.7522 0.7494 0.7447 0.7383 0.7302 0.7205 0.7095 0.6972 0.6839 0.6697 0.6549 0.6397 0.6243 0.6090 0.5939 0.5794 0.5656 0.5528 0.5411 0.5307 0.5219 0.5146 0.5090 0.5053 0.5034 0.5034 0.5053 0.5090 0.5146 0.5219 0.5307 0.5411 0.5528 0.5656 0.5794 0.5939 0.6090 0.6243 0.6397 0.6549 0.6697 0.6839 0.6972 0.7095 0.7205 0.7302 0.7383 0.7447 0.7494 0.7522
0.7514 0.7504 0.7476 0.7430 0.7365 0.7284 0.7188 0.7077 0.6954 0.6821 0.6679 0.6531 0.6379 0.6225 0.6072 0.5922 0.5777 0.5639 0.5511 0.5394 0.5290 0.5201 0.5128 0.5073 0.5035 0.5016 0.5016 0.5035 0.5073 0.5128 0.5201 0.5290 0.5394 0.5511 0.5639 0.5777 0.5922 0.6072 0.6225 0.6379 0.6531 0.6679 0.6821 0.6954 0.7077 0.7188 0.7284 0.7365 0.7430 0.7476 0.7504
0.7503 0.7494 0.7466 0.7419 0.7355 0.7274 0.7177 0.7067 0.6944 0.6811 0.6669 0.6521 0.6369 0.6215 0.6062 0.5911 0.5766 0.5628 0.5500 0.5383 0.5280 0.5191 0.5118 0.5062 0.5025 0.5006 0.5006 0.5025 0.5062 0.5118 0.5191 0.5280 0.5383 0.5500 0.5628 0.5766 0.5911 0.6062 0.6215 0.6369 0.6521 0.6669 0.6811 0.6944 0.7067 0.7177 0.7274 0.7355 0.7419 0.7466 0.7494
0.7500 0.7491 0.7462 0.7416 0.7351 0.7270 0.7174 0.7063 0.6940 0.6807 0.6665 0.6517 0.6365 0.6212 0.6058 0.5908 0.5763 0.5625 0.5497 0.5380 0.5276 0.5187 0.5114 0.5059 0.5021 0.5002 0.5002 0.5021 0.5059 0.5114 0.5187 0.5276 0.5380 0.5497 0.5625 0.5763 0.5908 0.6058 0.6212 0.6365 0.6517 0.6665 0.6807 0.6940 0.7063 0.7174 0.7270 0.7351 0.7416 0.7462 0.7491
0.7503 0.7494 0.7466 0.7419 0.7355 0.7274 0.7177 0.7067 0.6944 0.6811 0.6669 0.6521 0.6369 0.6215 0.6062 0.5911 0.5766 0.5628 0.5500 0.5383 0.5280 0.5191 0.5118 0.5062 0.5025 0.5006 0.5006 0.5025 0.5062 0.5118 0.5191 0.5280 0.5383 0.5500 0.5628 0.5766 0.5911 0.6062 0.6215 0.6369 0.6521 0.6669 0.6811 0.6944 0.7067 0.7177 0.7274 0.7355 0.7419 0.7466 0.7494
0.7514 0.7504 0.7476 0.7430 0.7365 0.7284 0.7188 0.7077 0.6954 0.6821 0.6679 0.6531 0.6379 0.6225 0.6072 0.5922 0.5777 0.5639 0.5511 0.5394 0.5290 0.5201 0.5128 0.5073 0.5035 0.5016 0.5016 0.5035 0.5073 0.5128 0.5201 0.5290 0.5394 0.5511 0.5639 0.5777 0.5922 0.6072 0.6225 0.6379 0.6531 0.6679 0.6821 0.6954 0.7077 0.7188 0.7284 0.7365 0.7430 0.7476 0.7504
0.7531 0.7522 0.7494 0.7447 0.7383 0.7302 0.7205 0.7095 0.6972 0.6839 0.6697 0.6549 0.6397 0.6243 0.6090 0.5939 0.5794 0.5656 0.5528 0.5411 0.5307 0.5219 0.5146 0.5090 0.5053 0.5034 0.5034 0.5053 0.5090 0.5146 0.5219 0.5307 0.5411 0.5528 0.5656 0.5794 0.5939 0.6090 0.6243 0.6397 0.6549 0.6697 0.6839 0.6972 0.7095 0.7205 0.7302 0.7383 0.7447 0.7494 0.7522
0.7556 0.7546 0.7518 0.7471 0.7407 0.7326 0.7229 0.7119 0.6996 0.6863 0.6721 0.6573 0.6421 0.6267 0.6114 0.5963 0.5818 0.5681 0.5552 0.5435 0.5332 0.5243 0.5170 0.5114 0.5077 0.5058 0.5058 0.5077 0.5114 0.5170 0.5243 0.5332 0.5435 0.5552 0.5681 0.5818 0.5963 0.6114 0.6267 0.6421 0.6573 0.6721 0.6863 0.6996 0.7119 0.7229 0.7326 0.7407 0.7471 0.7518 0.7546
0.7586 0.7577 0.7549 0.7502 0.7438 0.7357 0.7260 0.7150 0.7027 0.6894 0.6752 0.6604 0.6452 0.6298 0.6145 0.5994 0.5849 0.5711 0.5583 0.5466 0.5363 0.5274 0.5201 0.5145 0.5108 0.5089 0.5089 0.5108 0.5145 0.5201 0.5274 0.5363 0.5466 0.5583 0.5711 0.5849 0.5994 0.6145 0.6298 0.6452 0.6604 0.6752 0.6894 0.7027 0.7150 0.7260 0.7357 0.7438 0.7502 0.7549 0.7577
0.7624 0.7614 0.7586 0.7539 0.7475 0.7394 0.7298 0.7187 0.7064 0.6931 0.6789 0.6641 0.6489 0.6335 0.6182 0.6032 0.5887 0.5749 0.5620 0.5504 0.5400 0.5311 0.5238 0.5183 0.5145 0.5126 0.5126 0.5145 0.5183 0.5238 0.5311 0.5400 0.5504 0.5620 0.5749 0.5887 0.6032 0.6182 0.6335 0.6489 0.6641 0.6789 0.6931 0.7064 0.7187 0.7298 0.7394 0.7475 0.7539 0.7586 0.7614
0.7667 0.7658 0.7630 0.7583 0.7519 0.7438 0.7341 0.7231 0.7108 0.6975 0.6833 0.6685 0.6533 0.6379 0.6226 0.6075 0.5930 0.5792 0.5664 0.5547 0.5444 0.5355 0.5282 0.5226 0.5189 0.5170 0.5170 0.5189 0.5226 0.5282 0.5355 0.5444 0.5547 0.5664 0.5792 0.5930 0.6075 0.6226 0.6379 0.6533 0.6685 0.6833 0.6975 0.7108 0.7231 0.7341 0.7438 0.7519 0.7583 0.7630 0.7658
0.7717 0.7708 0.7679 0.7633 0.7568 0.7487 0.7391 0.7280 0.7158 0.7024 0.6883 0.6735 0.6583 0.6429 0.6275 0.6125 0.5980 0.5842 0.5714 0.5597 0.5493 0.5404 0.5332 0.5276 0.5238 0.5220 0.5220 0.5238 0.5276 0.5332 0.5404 0.5493 0.5597 0.5714 0.5842 0.5980 0.6125 0.6275 0.6429 0.6583 0.6735 0.6883 0.7024 0.7158 0.7280 0.7391 0.7487 0.7568 0.7633 0.7679 0.7708
0.7773 0.7763 0.7735 0.7688 0.7624 0.7543 0.7446 0.7336 0.7213 0.7080 0.6938 0.6790 0.6638 0.6484 0.6331 0.6181 0.6035 0.5898 0.5769 0.5653 0.5549 0.5460 0.5387 0.5332 0.5294 0.5275 0.5275 0.5294 0.5332 0.5387 0.5460 0.5549 0.5653 0.5769 0.5898 0.6035 0.6181 0.6331 0.6484 0.6638 0.6790 0.6938 0.7080 0.7213 0.7336 0.7446 0.7543 0.7624 0.7688 0.7735 0.7763
0.7834 0.7824 0.7796 0.7749 0.7685 0.7604 0.7507 0.7397 0.7274 0.7141 0.6999 0.6851 0.6699 0.6545 0.6392 0.6242 0.6096 0.5959 0.5830 0.5714 0.5610 0.5521 0.5448 0.5393 0.5355 0.5336 0.5336 0.5355 0.5393 0.5448 0.5521 0.5610 0.5714 0.5830 0.5959 0.6096 0.6242 0.6392 0.6545 0.6699 0.6851 0.6999 0.7141 0.7274 0.7397 0.7507 0.7604 0.7685 0.7749 0.7796 0.7824
0.7900 0.7890 0.7862 0.7815 0.7751 0.7670 0.7574 0.7463 0.7340 0.7207 0.7065 0.6917 0.6765 0.6611 0.6458 0.6308 0.6163 0.6025 0.5896 0.5780 0.5676 0.5587 0.5514 0.5459 0.5421 0.5402 0.5402 0.5421 0.5459 0.5514 0.5587 0.5676 0.5780 0.5896 0.6025 0.6163 0.6308 0.6458 0.6611 0.6765 0.6917 0.7065 0.7207 0.7340 0.7463 0.7574 0.7670 0.7751 0.7815 0.7862 0.7890
0.7971 0.7961 0.7933 0.7886 0.7822 0.7741 0.7644 0.7534 0.7411 0.7278 0.7136 0.6988 0.6836 0.6682 0.6529 0.6379 0.6233 0.6096 0.5967 0.5850 0.5747 0.5658 0.5585 0.5529 0.5492 0.5473 0.5473 0.5492 0.5529 0.5585 0.5658 0.5747 0.5850 0.5967 0.6096 0.6233 0.6379 0.6529 0.6682 0.6836 0.6988 0.7136 0.7278 0.7411 0.7534 0.7644 0.7741 0.7822 0.7886 0.7933 0.7961
0.8046 0.8036 0.8008 0.7961 0.7897 0.7816 0.7720 0.7609 0.7486 0.7353 0.7211 0.7063 0.6911 0.6757 0.6604 0.6454 0.6309 0.6171 0.6043 0.5926 0.5822 0.5733 0.5660 0.5605 0.5567 0.5548 0.5548 0.5567 0.5605 0.5660 0.5733 0.5822 0.5926 0.6043 0.6171 0.6309 0.6454 0.6604 0.6757 0.6911 0.7063 0.7211 0.7353 0.7486 0.7609 0.7720 0.7816 0.7897 0.7961 0.8008 0.8036
0.8125 0.8116 0.8087 0.8041 0.7976 0.7895 0.7799 0.7688 0.7565 0.7432 0.7290 0.7142 0.6990 0.6837 0.6683 0.6533 0.6388 0.6250 0.6122 0.6005 0.5901 0.5812 0.5739 0.5684 0.5646 0.5627 0.5627 0.5646 0.5684 0.5739 0.5812 0.5901 0.6005 0.6122 0.6250 0.6388 0.6533 0.6683 0.6837 0.6990 0.7142 0.7290 0.7432 0.7565 0.7688 0.7799 0.7895 0.7976 0.8041 0.8087 0.8116
0.8208 0.8198 0.8170 0.8123 0.8059 0.7978 0.7881 0.7771 0.7648 0.7515 0.7373 0.7225 0.7073 0.6919 0.6766 0.6616 0.6470 0.6333 0.6204 0.6087 0.5984 0.5895 0.5822 0.5766 0.5729 0.5710 0.5710 0.5729 0.5766 0.5822 0.5895 0.5984 0.6087 0.6204 0.6333 0.6470 0.6616 0.6766 0.6919 0.7073 0.7225 0.7373 0.7515 0.7648 0.7771 0.7881 0.7978 0.8059 0.8123 0.8170 0.8198
0.8293 0.8284 0.8256 0.8209 0.8145 0.8064 0.7967 0.7857 0.7734 0.7600 0.7459 0.7311 0.7159 0.7005 0.6852 0.6701 0.6556 0.6418 0.6290 0.6173 0.6069 0.5981 0.5908 0.5852 0.5815 0.5796 0.5796 0.5815 0.5852 0.5908 0.5981 0.6069 0.6173 0.6290 0.6418 0.6556 0.6701 0.6852 0.7005 0.7159 0.7311 0.7459 0.7600 0.7734 0.7857 0.7967 0.8064 0.8145 0.8209 0.8256 0.8284
0.8382 0.8372 0.8344 0.8297 0.8233 0.8152 0.8055 0.7945 0.7822 0.7689 0.7547 0.7399 0.7247 0.7093 0.6940 0.6789 0.6644 0.6507 0.6378 0.6261 0.6158 0.6069 0.5996 0.5940 0.5903 0.5884 0.5884 0.5903 0.5940 0.5996 0.6069 0.6158 0.6261 0.6378 0.6507 0.6644 0.6789 0.6940 0.7093 0.7247 0.7399 0.7547 0.7689 0.7822 0.7945 0.8055 0.8152 0.8233 0.8297 0.8344 0.8372
0.8472 0.8462 0.8434 0.8387 0.8323 0.8242 0.8146 0.8035 0.7912 0.7779 0.7637 0.7489 0.7337 0.7183 0.7030 0.6880 0.6735 0.6597 0.6469 0.6352 0.6248 0.6159 0.6086 0.6031 0.5993 0.5974 0.5974 0.5993 0.6031 0.6086 0.6159 0.6248 0.6352 0.6469 0.6597 0.6735 0.6880 0.7030 0.7183 0.7337 0.7489 0.7637 0.7779 0.7912 0.8035 0.8146 0.8242 0.8323 0.8387 0.8434 0.8462
0.8564 0.8554 0.8526 0.8479 0.8415 0.8334 0.8237 0.8127 0.8004 0.7871 0.7729 0.7581 0.7429 0.7275 0.7122 0.6972 0.6826 0.6689 0.6560 0.6444 0.6340 0.6251 0.6178 0.6123 0.6085 0.6066 0.6066 0.6085 0.6123 0.6178 0.6251 0.6340 0.6444 0.6560 0.6689 0.6826 0.6972 0.7122 0.7275 0.7429 0.7581 0.7729 0.7871 0.8004 0.8127 0.8237 0.8334 0.8415 0.8479 0.8526 0.8554
0.8657 0.8647 0.8619 0.8572 0.8508 0.8427 0.8330 0.8220 0.8097 0.7964 0.7822 0.7674 0.7522 0.7368 0.7215 0.7065 0.6919 0.6782 0.6653 0.6536 0.6433 0.6344 0.6271 0.6215 0.6178 0.6159 0.6159 0.6178 0.6215 0.6271 0.6344 0.6433 0.6536 0.6653 0.6782 0.6919 0.7065 0.7215 0.7368 0.7522 0.7674 0.7822 0.7964 0.8097 0.8220 0.8330 0.8427 0.8508 0.8572 0.8619 0.8647
0.8750 0.8741 0.8712 0.8666 0.8601 0.8520 0.8424 0.8313 0.8190 0.8057 0.7915 0.7767 0.7615 0.7462 0.7308 0.7158 0.7013 0.6875 0.6747 0.6630 0.6526 0.6437 0.6364 0.6309 0.6271 0.6252 0.6252 0.6271 0.6309 0.6364 0.6437 0.6526 0.6630 0.6747 0.6875 0.7013 0.7158 0.7308 0.7462 0.7615 0.7767 0.7915 0.8057 0.8190 0.8313 0.8424 0.8520 0.8601 0.8666 0.8712 0.8741
0.8843 0.8834 0.8806 0.8759 0.8695 0.8614 0.8517 0.8407 0.8284 0.8151 0.8009 0.7861 0.7709 0.7555 0.7402 0.7251 0.7106 0.6968 0.6840 0.6723 0.6620 0.6531 0.6458 0.6402 0.6365 0.6346 0.6346 0.6365 0.6402 0.6458 0.6531 0.6620 0.6723 0.6840 0.6968 0.7106 0.7251 0.7402 0.7555 0.7709 0.7861 0.8009 0.8151 0.8284 0.8407 0.8517 0.8614 0.8695 0.8759 0.8806 0.8834
0.8936 0.8927 0.8899 0.8852 0.8788 0.8707 0.8610 0.8500 0.8377 0.8243 0.8102 0.7954 0.7802 0.7648 0.7495 0.7344 0.7199 0.7061 0.6933 0.6816 0.6712 0.6624 0.6551 0.6495 0.6458 0.6439 0.6439 0.6458 0.6495 0.6551 0.6624 0.6712 0.6816 0.6933 0.7061 0.7199 0.7344 0.7495 0.7648 0.7802 0.7954 0.8102 0.8243 0.8377 0.8500 0.8610 0.8707 0.8788 0.8852 0.8899 0.8927
0.9028 0.9019 0.8990 0.8944 0.8879 0.8798 0.8702 0.8591 0.8469 0.8335 0.8194 0.8046 0.7893 0.7740 0.7586 0.7436 0.7291 0.7153 0.7025 0.6908 0.6804 0.6715 0.6643 0.6587 0.6549 0.6531 0.6531 0.6549 0.6587 0.6643 0.6715 0.6804 0.6908 0.7025 0.7153 0.7291 0.7436 0.7586 0.7740 0.7893 0.8046 0.8194 0.8335 0.8469 0.8591 0.8702 0.8798 0.8879 0.8944 0.8990 0.9019
0.9118 0.9109 0.9081 0.9034 0.8970 0.8889 0.8792 0.8682 0.8559 0.8426 0.8284 0.8136 0.7984 0.7830 0.7677 0.7526 0.7381 0.7243 0.7115 0.6998 0.6895 0.6806 0.6733 0.6677 0.6640 0.6621 0.6621 0.6640 0.6677 0.6733 0.6806 0.6895 0.6998 0.7115 0.7243 0.7381 0.7526 0.7677 0.7830 0.7984 0.8136 0.8284 0.8426 0.8559 0.8682 0.8792 0.8889 0.8970 0.9034 0.9081 0.9109
0.9207 0.9197 0.9169 0.9122 0.9058 0.8977 0.8880 0.8770 0.8647 0.8514 0.8372 0.8224 0.8072 0.7918 0.7765 0.7615 0.7469 0.7332 0.7203 0.7087 0.6983 0.6894 0.6821 0.6765 0.6728 0.6709 0.6709 0.6728 0.6765 0.6821 0.6894 0.6983 0.7087 0.7203 0.7332 0.7469 0.7615 0.7765 0.7918 0.8072 0.8224 0.8372 0.8514 0.8647 0.8770 0.8880 0.8977 0.9058 0.9122 0.9169 0.9197
0.9292 0.9283 0.9255 0.9208 0.9144 0.9063 0.8966 0.8856 0.8733 0.8600 0.8458 0.8310 0.8158 0.8004 0.7851 0.7700 0.7555 0.7417 0.7289 0.7172 0.7069 0.6980 0.6907 0.6851 0.6814 0.6795 0.6795 0.6814 0.6851 0.6907 0.6980 0.7069 0.7172 0.7289 0.7417 0.7555 0.7700 0.7851 0.8004 0.8158 0.8310 0.8458 0.8600 0.8733 0.8856 0.8966 0.9063 0.9144 0.9208 0.9255 0.9283
0.9375 0.9366 0.9337 0.9291 0.9226 0.9145 0.9049 0.8938 0.8815 0.8682 0.8540 0.8392 0.8240 0.8087 0.7933 0.7783 0.7638 0.7500 0.7372 0.7255 0.7151 0.7062 0.6989 0.6934 0.6896 0.6877 0.6877 0.6896 0.6934 0.6989 0.7062 0.7151 0.7255 0.7372 0.7500 0.7638 0.7783 0.7933 0.8087 0.8240 0.8392 0.8540 0.8682 0.8815 0.8938 0.9049 0.9145 0.9226 0.9291 0.9337 0.9366
0.9454 0.9445 0.9416 0.9370 0.9305 0.9224 0.9128 0.9017 0.8895 0.8761 0.8620 0.8472 0.8319 0.8166 0.8012 0.7862 0.7717 0.7579 0.7451 0.7334 0.7230 0.7141 0.7069 0.7013 0.6975 0.6957 0.6957 0.6975 0.7013 0.7069 0.7141 0.7230 0.7334 0.7451 0.7579 0.7717 0.7862 0.8012 0.8166 0.8319 0.8472 0.8620 0.8761 0.8895 0.9017 0.9128 0.9224 0.9305 0.9370 0.9416 0.9445
0.9529 0.9520 0.9492 0.9445 0.9381 0.9300 0.9203 0.9093 0.8970 0.8837 0.8695 0.8547 0.8395 0.8241 0.8088 0.7937 0.7792 0.7654 0.7526 0.7409 0.7306 0.7217 0.7144 0.7088 0.7051 0.7032 0.7032 0.7051 0.7088 0.7144 0.7217 0.7306 0.7409 0.7526 0.7654 0.7792 0.7937 0.8088 0.8241 0.8395 0.8547 0.8695 0.8837 0.8970 0.9093 0.9203 0.9300 0.9381 0.9445 0.9492 0.9520
0.9600 0.9591 0.9562 0.9516 0.9451 0.9370 0.9274 0.9163 0.9041 0.8907 0.8766 0.8618 0.8466 0.8312 0.8158 0.8008 0.7863 0.7725 0.7597 0.7480 0.7376 0.7287 0.7215 0.7159 0.7121 0.7103 0.7103 0.7121 0.7159 0.7215 0.7287 0.7376 0.7480 0.7597 0.7725 0.7863 0.8008 0.8158 0.8312 0.8466 0.8618 0.8766 0.8907 0.9041 0.9163 0.9274 0.9370 0.9451 0.9516 0.9562 0.9591
0.9666 0.9657 0.9629 0.9582 0.9518 0.9437 0.9340 0.9230 0.9107 0.8973 0.8832 0.8684 0.8532 0.8378 0.8225 0.8074 0.7929 0.7791 0.7663 0.7546 0.7442 0.7354 0.7281 0.7225 0.7188 0.7169 0.7169 0.7188 0.7225 0.7281 0.7354 0.7442 0.7546 0.7663 0.7791 0.7929 0.8074 0.8225 0.8378 0.8532 0.8684 0.8832 0.8973 0.9107 0.9230 0.9340 0.9437 0.9518 0.9582 0.9629 0.9657
0.9727 0.9718 0.9690 0.9643 0.9579 0.9498 0.9401 0.9291 0.9168 0.9034 0.8893 0.8745 0.8593 0.8439 0.8286 0.8135 0.7990 0.7852 0.7724 0.7607 0.7503 0.7415 0.7342 0.7286 0.7249 0.7230 0.7230 0.7249 0.7286 0.7342 0.7415 0.7503 0.7607 0.7724 0.7852 0.7990 0.8135 0.8286 0.8439 0.8593 0.8745 0.8893 0.9034 0.9168 0.9291 0.9401 0.9498 0.9579 0.9643 0.9690 0.9718
0.9783 0.9773 0.9745 0.9698 0.9634 0.9553 0.9457 0.9346 0.9223 0.9090 0.8948 0.8800 0.8648 0.8494 0.8341 0.8191 0.8046 0.7908 0.7780 0.7663 0.7559 0.7470 0.7397 0.7342 0.7304 0.7285 0.7285 0.7304 0.7342 0.7397 0.7470 0.7559 0.7663 0.7780 0.7908 0.8046 0.8191 0.8341 0.8494 0.8648 0.8800 0.8948 0.9090 0.9223 0.9346 0.9457 0.9553 0.9634 0.9698 0.9745 0.9773
0.9833 0.9823 0.9795 0.9748 0.9684 0.9603 0.9506 0.9396 0.9273 0.9140 0.8998 0.8850 0.8698 0.8544 0.8391 0.8240 0.8095 0.7958 0.7829 0.7712 0.7609 0.7520 0.7447 0.7391 0.7354 0.7335 0.7335 0.7354 0.7391 0.7447 0.7520 0.7609 0.7712 0.7829 0.7958 0.8095 0.8240 0.8391 0.8544 0.8698 0.8850 0.8998 0.9140 0.9273 0.9396 0.9506 0.9603 0.9684 0.9748 0.9795 0.9823
0.9876 0.9867 0.9838 0.9792 0.9727 0.9646 0.9550 0.9439 0.9317 0.9183 0.9042 0.8894 0.8742 0.8588 0.8434 0.8284 0.8139 0.8001 0.7873 0.7756 0.7652 0.7563 0.7491 0.7435 0.7397 0.7379 0.7379 0.7397 0.7435 0.7491 0.7563 0.7652 0.7756 0.7873 0.8001 0.8139 0.8284 0.8434 0.8588 0.8742 0.8894 0.9042 0.9183 0.9317 0.9439 0.9550 0.9646 0.9727 0.9792 0.9838 0.9867
0.9914 0.9904 0.9876 0.9829 0.9765 0.9684 0.9587 0.9477 0.9354 0.9221 0.9079 0.8931 0.8779 0.8625 0.8472 0.8322 0.8176 0.8039 0.7910 0.7793 0.7690 0.7601 0.7528 0.7472 0.7435 0.7416 0.7416 0.7435 0.7472 0.7528 0.7601 0.7690 0.7793 0.7910 0.8039 0.8176 0.8322 0.8472 0.8625 0.8779 0.8931 0.9079 0.9221 0.9354 0.9477 0.9587 0.9684 0.9765 0.9829 0.9876 0.9904
0.9944 0.9935 0.9907 0.9860 0.9796 0.9715 0.9618 0.9508 0.9385 0.9252 0.9110 0.8962 0.8810 0.8656 0.8503 0.8352 0.8207 0.8069 0.7941 0.7824 0.7721 0.7632 0.7559 0.7503 0.7466 0.7447 0.7447 0.7466 0.7503 0.7559 0.7632 0.7721 0.7824 0.7941 0.8069 0.8207 0.8352 0.8503 0.8656 0.8810 0.8962 0.9110 0.9252 0.9385 0.9508 0.9618 0.9715 0.9796 0.9860 0.9907 0.9935
0.9969 0.9959 0.9931 0.9884 0.9820 0.9739 0.9642 0.9532 0.9409 0.9276 0.9134 0.8986 0.8834 0.8680 0.8527 0.8377 0.8231 0.8094 0.7965 0.7848 0.7745 0.7656 0.7583 0.7527 0.7490 0.7471 0.7471 0.7490 0.7527 0.7583 0.7656 0.7745 0.7848 0.7965 0.8094 0.8231 0.8377 0.8527 0.8680 0.8834 0.8986 0.9134 0.9276 0.9409 0.9532 0.9642 0.9739 0.9820 0.9884 0.9931 0.9959
0.9986 0.9977 0.9948 0.9902 0.9837 0.9756 0.9660 0.9549 0.9426 0.9293 0.9151 0.9003 0.8851 0.8698 0.8544 0.8394 0.8249 0.8111 0.7983 0.7866 0.7762 0.7673 0.7600 0.7545 0.7507 0.7488 0.7488 0.7507 0.7545 0.7600 0.7673 0.7762 0.7866 0.7983 0.8111 0.8249 0.8394 0.8544 0.8698 0.8851 0.9003 0.9151 0.9293 0.9426 0.9549 0.9660 0.9756 0.9837 0.9902 0.9948 0.9977
0.9997 0.9987 0.9959 0.9912 0.9848 0.9767 0.9670 0.9560 0.9437 0.9304 0.9162 0.9014 0.8862 0.8708 0.8555 0.8404 0.8259 0.8122 0.7993 0.7876 0.7773 0.7684 0.7611 0.7555 0.7518 0.7499 0.7499 0.7518 0.7555 0.7611 0.7684 0.7773 0.7876 0.7993 0.8122 0.8259 0.8404 0.8555 0.8708 0.8862 0.9014 0.9162 0.9304 0.9437 0.9560 0.9670 0.9767 0.9848 0.9912 0.9959 0.9987
